tic;
%fase A
vo = [
    1.000000;
0.999937;
0.999891
0.999835;
0.999480;
0.999363;
0.999475;
0.999362;
0.999204;
0.998411;
0.999334;
0.999327;
0.997974;
0.997678;
0.999323;
0.997207;
0.999323;
0.999323;
0.996685;
0.996599;
0.996560;
0.995190;
0.996559;
0.994436;
0.996548;
0.993447;
0.993298;
0.993290;
0.992960;
0.992858;
0.992626;
0.992850;
0.992844;
0.992466;
0.992842;
0.992844;
0.992837;
0.992307;
0.992844;
0.992818;
0.992281;
0.992299;
0.992161;
0.992809;
0.992813;
0.992815;
0.992806;
0.992798;
0.992808;
0.992051;
0.992292;
0.992809;
0.992271;
0.992806;
0.991960;
0.992792;
0.992262;
0.992135;
0.992275;
0.991567;
0.992258;
0.992782;
0.992274;
0.992792;
0.992789;
0.992121;
0.992275;
0.991271;
0.992254;
0.992100;
0.992243;
0.992789;
0.991174;
0.992239;
0.992789;
0.992094;
0.992087;
0.992273;
0.992789;
0.992271;
0.992271;
0.992237;
0.992237;
0.991034;
0.991017;
0.990904;
0.990544;
0.990978;
0.990962;
0.990453;
0.990913;
0.990438;
0.990975;
0.990436;
0.990958;
0.990428;
0.990904;
0.990872;
0.989488;
0.990866;
0.990359;
0.990391;
0.990861;
0.988663;
0.990171;
0.990866;
0.990358;
0.988432;
0.990139;
0.988642;
0.990301;
0.990126;
0.988364;
0.990851;
0.990027;
0.990249;
0.990124;
0.990292;
0.990021;
0.989922;
0.990097;
0.990111;
0.989884;
0.990071;
0.988074;
0.990071;
0.987962;
0.989777;
0.988047;
0.989811;
0.989759;
0.987958;
0.987797;
0.989777;
0.989704;
0.989750;
0.987745;
0.989712;
0.989803;
0.987743;
0.987696;
0.989627;
0.987783;
0.989683;
0.989660;
0.989800;
0.987530;
0.987780;
0.989618;
0.989660;
0.987678;
0.987777;
0.987780;
0.987494;
0.989562;
0.987399;
0.989671;
0.989798;
0.987779;
0.989555;
0.987780;
0.987481;
0.989646;
0.989585;
0.989548;
0.989566;
0.989656;
0.989418;
0.989545;
0.987375;
0.989540;
0.987228;
0.989211;
0.987336;
0.989658;
0.987200;
0.989659;
0.987197;
0.989186;
0.987200;
0.987162;
0.989159;
0.989659;
0.986874;
0.987161;
0.986874;
0.989128;
0.989659;
0.985594;
0.989183;
0.987158;
0.989159;
0.984963;
0.987116;
0.985594;
0.987158;
0.986873;
0.989098;
0.989661;
0.985594;
0.984963;
0.987060;
0.984862;
0.987116;
0.989661;
0.989099;
0.989062;
0.984862;
0.989665;
0.987061;
0.987017;
0.984732;
0.989665;
0.989099;
0.989666;
0.989008;
0.986969;
0.984682;
0.987018;
0.984732;
0.988781;
0.984451;
0.986969;
0.986957;
0.984682;
0.988477;
0.988780;
0.984450;
0.989008;
0.984367;
0.984682;
0.986929;
0.986905;
0.988473;
0.984366;
0.984296;
0.986907;
0.986930;
0.986904;
0.986713;
0.986903;
0.984168;
0.985220;
0.986900;
0.986904;
0.984108;
0.985219;
0.984168;
0.984286;
0.986889;
0.986719;
0.982167;
0.984285;
0.984036;
0.986720;
0.986886;
0.986888;
0.984036;
0.984109;
0.983909;
0.982024;
0.986720;
0.986720;
0.986721;
0.986885;
0.981173;
0.984110;
0.984114;
0.982024;
0.986721;
0.986721;
0.986881;
0.982210;
0.986885;
0.984114;
0.981173;
0.983773;
0.980710;
0.986721;
0.986877;
0.986881;
0.980513;
0.983773;
0.984116;
0.982263;
0.986722;
0.983456;
0.980704;
0.986874;
0.986877;
0.986877;
0.983239;
0.984117;
0.984116;
0.980514;
0.980212;
0.986868;
0.986722;
0.982263;
0.982322;
0.986722;
0.986874;
0.983239;
0.983457;
0.983240;
0.983146;
0.984117;
0.984118;
0.982347;
0.982323;
0.986857;
0.978690;
0.984118;
0.982948;
0.984118;
0.982347;
0.986872;
0.982369;
0.983457;
0.986851;
0.982948;
0.978006;
0.983112;
0.982838;
0.982446;
0.986872;
0.982369;
0.983457;
0.986875;
0.986846;
0.986848;
0.983025;
0.983112;
0.983111;
0.986836;
0.977727;
0.982477;
0.986876;
0.978691;
0.986872;
0.986847;
0.982447;
0.982946;
0.986872;
0.982941;
0.982943;
0.982829;
0.982970;
0.977436;
0.982946;
0.978006;
0.977716;
0.986817;
0.983025;
0.986872;
0.986876;
0.978691;
0.978693;
0.986877;
0.986872;
0.982888;
0.977436;
0.982997;
0.982941;
0.982942;
0.976490;
0.982555;
0.978006;
0.978694;
0.978693;
0.982935;
0.986837;
0.986877;
0.986810;
0.978006;
0.986877;
0.982935;
0.982941;
0.982849;
0.982970;
0.982997;
0.982941;
0.982934;
0.976393;
0.982936;
0.982585;
0.986837;
0.986829;
0.986799;
0.978694;
0.982936;
0.982970;
0.982970;
0.982936;
0.983007;
0.982800;
0.983003;
0.976264;
0.982558;
0.976487;
0.982620;
0.986785;
0.986829;
0.986830;
0.978695;
0.978694;
0.976264;
0.982997;
0.982839;
0.986834;
0.975765;
0.983003;
0.983007;
0.983006;
0.983010;
0.976484;
0.976487;
0.976386;
0.982621;
0.982723;
0.978695;
0.982558;
0.986800;
0.986830;
0.978695;
0.982588;
0.982561;
0.982793;
0.982837;
0.975182;
0.982997;
0.982821;
0.983010;
0.975765;
0.982999;
0.983006;
0.982564;
0.976383;
0.986835;
0.982588;
0.982590;
0.983019;
0.983007;
0.986746;
0.982726;
0.978695;
0.978695;
0.983007;
0.982792;
0.983009;
0.982999;
0.975765;
0.982793;
0.973392;
0.975182;
0.983020;
0.983006;
0.983007;
0.986719;
0.986836;
0.983007;
0.982673;
0.983026;
0.982725;
0.986745;
0.976383;
0.986837;
0.986835;
0.976378;
0.975182;
0.982591;
0.986835;
0.986715;
0.983008;
0.972849;
0.973391;
0.982659;
0.983029;
0.982726;
0.982590;
0.982738;
0.976377;
0.982591;
0.982789;
0.976377;
0.983007;
0.983000;
0.986838;
0.982591;
0.982650;
0.982670;
0.983000;
0.983008;
0.983031;
0.982591;
0.982592;
0.982789;
0.975184;
0.982839;
0.982593;
0.982740;
0.982738;
0.982591;
0.982659;
0.986719;
0.986703;
0.986838;
0.983000;
0.982627;
0.983000;
0.983034;
0.982666;
0.983008;
0.982650;
0.971994;
0.982650;
0.982852;
0.982839;
0.982744;
0.975185;
0.982795;
0.982740;
0.975185;
0.982740;
0.982595;
0.986702;
0.986694;
0.986719;
0.986715;
0.982593;
0.986719;
0.983034;
0.983034;
0.983008;
0.982666;
0.982626;
0.983037;
0.983008;
0.982665;
0.982597;
0.970110;
0.982853;
0.975190;
0.986694;
0.982745;
0.982744;
0.982744;
0.986692;
0.983001;
0.982796;
0.982903;
0.986684;
0.982596;
0.982588;
0.982588;
0.983038;
0.982665;
0.982663;
0.986693;
0.983037;
0.982624;
0.975192;
0.982927;
0.986692;
0.982796;
0.967274;
0.971997;
0.975192;
0.982622;
0.982583;
0.966582;
0.982624;
0.967272;
0.982623;
0.986678;
0.982584;
0.982796;
0.970112;
0.982928;
0.982995;
0.971998;
0.982797;
0.982904;
0.975194;
0.983039;
0.983038;
0.982588;
0.982746;
0.972009;
0.982927;
0.986733;
0.966396;
0.972009;
0.975195;
0.971997;
0.982905;
0.972015;
0.982746;
0.982747;
0.982904;
0.970112;
0.970112;
0.982797;
0.982746;
0.970114;
0.986680;
0.972009;
0.986675;
0.965698;
0.966393;
0.986678;
0.966589;
0.982798;
0.970115;
0.972020;
0.971998;
0.982747;
0.986676;
0.970114;
0.972015;
0.986738;
0.982748;
0.986671;
0.982797;
0.975195;
0.982905;
0.983042;
0.986735;
0.965480;
0.972023;
0.986742;
0.986667;
0.986670;
0.986678;
0.975195;
0.975195;
0.986739;
0.970119;
0.970115;
0.966595;
0.975195;
0.982798;
0.983080;
0.986678;
0.983042;
0.982798;
0.964703;
0.965479;
0.982798;
0.970120;
0.972029;
0.966590;
0.970119;
0.965698;
0.966595;
0.972023;
0.966608;
0.982798;
0.986748;
0.986736;
0.986753;
0.983095;
0.983080;
0.986742;
0.963987;
0.986756;
0.986748;
0.964704;
0.986754;
0.964664;
0.965698;
0.966608;
0.972029;
0.983042;
0.983145;
0.965699;
0.986662;
0.966612;
0.972035;
0.986753;
0.983095;
0.970120;
0.986756;
0.963808;
0.986762;
0.986759;
0.966612;
0.970120;
0.970121;
0.972036;
0.970120;
0.972035;
0.983042;
0.983185;
0.986663;
0.983042;
0.966620;
0.986663;
0.986661;
0.963806;
0.986755;
0.986759;
0.963638;
0.963808;
0.964301;
0.963988;
0.983189;
0.972036;
0.970123;
0.972040;
0.986765;
0.983145;
0.966620;
0.970121;
0.983043;
0.986663;
0.966620;
0.966623;
0.970120;
0.986761;
0.986662;
0.963458;
0.986668;
0.963948;
