tic;
kva_vdi = [
1.224445e-002	1.582639e-002	1.569959e-002	1.590254e-002	1.684276e-002	1.673255e-002	1.417352e-002	1.619744e-002	1.690858e-002	1.281190e-002	1.499290e-002	1.453190e-002	1.880969e-002	1.468403e-002	1.358267e-002	1.363766e-002	1.377046e-002	1.311373e-002	1.224445e-002	1.543316e-002	1.515838e-002	1.329985e-002	1.328504e-002	1.460757e-002	1.357134e-002	1.762759e-002	1.540752e-002	1.316473e-002	1.398222e-002	1.462280e-002	1.779814e-002	1.488726e-002	1.543193e-002	1.698060e-002	1.460191e-002	1.430877e-002	1.378802e-002	1.668664e-002	1.819405e-002	1.467831e-002	1.466088e-002	1.604763e-002	1.528934e-002	1.674285e-002	1.617767e-002	1.584893e-002	1.854367e-002	1.692437e-002	1.579326e-002	1.430393e-002	1.402448e-002	1.636386e-002	1.461610e-002	1.315165e-002	1.507518e-002	1.258863e-002	1.492433e-002	1.470542e-002	1.392262e-002	1.397446e-002	1.764046e-002	1.284432e-002	1.536443e-002	1.763825e-002	1.568151e-002	1.432093e-002	1.360450e-002	1.298596e-002	1.310920e-002	1.542206e-002	1.361328e-002	1.510444e-002	1.461790e-002	1.586101e-002	1.504452e-002	1.822655e-002	1.518577e-002	1.603722e-002	1.416833e-002	1.710001e-002	1.586630e-002	1.310753e-002	1.289269e-002	1.581334e-002	1.405370e-002	1.417974e-002	1.335443e-002	1.498064e-002	1.802709e-002	1.713838e-002	1.388649e-002	1.369518e-002	1.390915e-002	1.608163e-002	1.386872e-002	1.348276e-002	1.459648e-002	1.645845e-002	1.448262e-002	1.579389e-002	1.796290e-002;	
1.192071e-002	1.543772e-002	1.234258e-002	1.363291e-002	1.357605e-002	1.494925e-002	1.417352e-002	1.439331e-002	1.351558e-002	1.281190e-002	1.499290e-002	1.453190e-002	1.586158e-002	1.468403e-002	1.358267e-002	1.363766e-002	1.377046e-002	1.311373e-002	1.224445e-002	1.324043e-002	1.515838e-002	1.329985e-002	1.328504e-002	1.460757e-002	1.357134e-002	1.762759e-002	1.540752e-002	1.316473e-002	1.395126e-002	1.462280e-002	1.779814e-002	1.365361e-002	1.469388e-002	1.698060e-002	1.460191e-002	1.430877e-002	1.378802e-002	1.599253e-002	1.490602e-002	1.467831e-002	1.364845e-002	1.604763e-002	1.528934e-002	1.674285e-002	1.617767e-002	1.477856e-002	1.488997e-002	1.594327e-002	1.374885e-002	1.430393e-002	1.402448e-002	1.320605e-002	1.461610e-002	1.315165e-002	1.484482e-002	1.258863e-002	1.492433e-002	1.470542e-002	1.392262e-002	1.397446e-002	1.476669e-002	1.284432e-002	1.536443e-002	1.459595e-002	1.568151e-002	1.432093e-002	1.360450e-002	1.298596e-002	1.310920e-002	1.542206e-002	1.361328e-002	1.510444e-002	1.461790e-002	1.586101e-002	1.504452e-002	1.502281e-002	1.419083e-002	1.603722e-002	1.416833e-002	1.350881e-002	1.586630e-002	1.310753e-002	1.289269e-002	1.581334e-002	1.405370e-002	1.417974e-002	1.335443e-002	1.498064e-002	1.461007e-002	1.713838e-002	1.312256e-002	1.369518e-002	1.390915e-002	1.511478e-002	1.386872e-002	1.192071e-002	1.459648e-002	1.542221e-002	1.448262e-002	1.579389e-002	1.796290e-002;	
1.179063e-002	1.260926e-002	1.234258e-002	1.330710e-002	1.357605e-002	1.494925e-002	1.417352e-002	1.439331e-002	1.351558e-002	1.281190e-002	1.499290e-002	1.265332e-002	1.445441e-002	1.468403e-002	1.358267e-002	1.363766e-002	1.377046e-002	1.311373e-002	1.224445e-002	1.324043e-002	1.431743e-002	1.329985e-002	1.328504e-002	1.460757e-002	1.357134e-002	1.433754e-002	1.371198e-002	1.316473e-002	1.395126e-002	1.416640e-002	1.539625e-002	1.365361e-002	1.469388e-002	1.698060e-002	1.460191e-002	1.344022e-002	1.346043e-002	1.599253e-002	1.369768e-002	1.467831e-002	1.364845e-002	1.318116e-002	1.409472e-002	1.564749e-002	1.617767e-002	1.422325e-002	1.477653e-002	1.594327e-002	1.250935e-002	1.249045e-002	1.402448e-002	1.295092e-002	1.461610e-002	1.292834e-002	1.484482e-002	1.188109e-002	1.492433e-002	1.363363e-002	1.242380e-002	1.244303e-002	1.381832e-002	1.284432e-002	1.436101e-002	1.407881e-002	1.568151e-002	1.432093e-002	1.360450e-002	1.298596e-002	1.310920e-002	1.284684e-002	1.332466e-002	1.510444e-002	1.461790e-002	1.279843e-002	1.369317e-002	1.276721e-002	1.296831e-002	1.500775e-002	1.416833e-002	1.271836e-002	1.383989e-002	1.310753e-002	1.289269e-002	1.581334e-002	1.405370e-002	1.382838e-002	1.335443e-002	1.179063e-002	1.461007e-002	1.213895e-002	1.312256e-002	1.369518e-002	1.390915e-002	1.511478e-002	1.386872e-002	1.192071e-002	1.406927e-002	1.426528e-002	1.427898e-002	1.579389e-002	1.318850e-002;	
1.179063e-002	1.253172e-002	1.234258e-002	1.325411e-002	1.357605e-002	1.235056e-002	1.417352e-002	1.191144e-002	1.351558e-002	1.281190e-002	1.499290e-002	1.265332e-002	1.323541e-002	1.225201e-002	1.223495e-002	1.279777e-002	1.237415e-002	1.311373e-002	1.224445e-002	1.265226e-002	1.316460e-002	1.316705e-002	1.328504e-002	1.266742e-002	1.357134e-002	1.430574e-002	1.371198e-002	1.316473e-002	1.193168e-002	1.416640e-002	1.368297e-002	1.331458e-002	1.243440e-002	1.347595e-002	1.460191e-002	1.228933e-002	1.183759e-002	1.581496e-002	1.308022e-002	1.440202e-002	1.210958e-002	1.318116e-002	1.337750e-002	1.463631e-002	1.378221e-002	1.341961e-002	1.378965e-002	1.337254e-002	1.250935e-002	1.249045e-002	1.392035e-002	1.295092e-002	1.433587e-002	1.292834e-002	1.484482e-002	1.188109e-002	1.492433e-002	1.250530e-002	1.242380e-002	1.244303e-002	1.326117e-002	1.284432e-002	1.428970e-002	1.297256e-002	1.568151e-002	1.425827e-002	1.360450e-002	1.261863e-002	1.304703e-002	1.284684e-002	1.332466e-002	1.440846e-002	1.272645e-002	1.265496e-002	1.277346e-002	1.276721e-002	1.296831e-002	1.403042e-002	1.257463e-002	1.254104e-002	1.383989e-002	1.310753e-002	1.289269e-002	1.433841e-002	1.255620e-002	1.313378e-002	1.268309e-002	1.179063e-002	1.273232e-002	1.213895e-002	1.312256e-002	1.261510e-002	1.390915e-002	1.274173e-002	1.386872e-002	1.192071e-002	1.406927e-002	1.231811e-002	1.357954e-002	1.208456e-002	1.318850e-002;	
1.171429e-002	1.190205e-002	1.234258e-002	1.325411e-002	1.281375e-002	1.235056e-002	1.287867e-002	1.191144e-002	1.271187e-002	1.171429e-002	1.317088e-002	1.265332e-002	1.323541e-002	1.225201e-002	1.223495e-002	1.279777e-002	1.237415e-002	1.311373e-002	1.224445e-002	1.265226e-002	1.211398e-002	1.316705e-002	1.315615e-002	1.266742e-002	1.357134e-002	1.335063e-002	1.371198e-002	1.235210e-002	1.193168e-002	1.416640e-002	1.308915e-002	1.305699e-002	1.197196e-002	1.347595e-002	1.216299e-002	1.228933e-002	1.183759e-002	1.211628e-002	1.308022e-002	1.406369e-002	1.210958e-002	1.177955e-002	1.334624e-002	1.383619e-002	1.378221e-002	1.225698e-002	1.318552e-002	1.282243e-002	1.235017e-002	1.249045e-002	1.377991e-002	1.252558e-002	1.220469e-002	1.240210e-002	1.198684e-002	1.188109e-002	1.220993e-002	1.217768e-002	1.242380e-002	1.244303e-002	1.326117e-002	1.284432e-002	1.289913e-002	1.297256e-002	1.467846e-002	1.352971e-002	1.360450e-002	1.261863e-002	1.304703e-002	1.284684e-002	1.210975e-002	1.322164e-002	1.180788e-002	1.265496e-002	1.277346e-002	1.276721e-002	1.296831e-002	1.353938e-002	1.257463e-002	1.254104e-002	1.376744e-002	1.263907e-002	1.238521e-002	1.282258e-002	1.251359e-002	1.278083e-002	1.268309e-002	1.179063e-002	1.273232e-002	1.213895e-002	1.312256e-002	1.256406e-002	1.244831e-002	1.274173e-002	1.361575e-002	1.192071e-002	1.216727e-002	1.231811e-002	1.357954e-002	1.208456e-002	1.318850e-002;	
